# Created by Octave 3.4.0, Thu Oct 25 23:21:22 2012 IST <apple@Gaganpreet-Singh.local>
# name: matrix_including_histograms
# type: matrix
# rows: 51
# columns: 16
 x y1 y2 y3 h11 h12 h13 h21 h22 h23 h31 h32 h33 h41 h42 h43
 0 1.798465042647409e-08 3.059023205018258e-07 2.736278216457305e-06 0 0 0 0 0 0 0 0 0 0 0 3e-06
 1 3.853853662815903e-07 4.588534807527389e-06 1.088680018124229e-05 0 0 0 0 0.0001 0 0 2e-05 2e-05 0 5e-06 8e-06
 2 4.046546345956646e-06 3.441401105645543e-05 3.938028650424004e-05 0 0 0 0 0.0001 0 0 1e-05 1e-05 5e-06 3.3e-05 5.2e-05
 3 2.774774637227354e-05 0.000172070055282277 0.0001295078554357007 0 0 0 0.0001 0.0001 0 3e-05 0.00019 0.00014 2.3e-05 0.000151 0.000146
 4 0.0001397297228032385 0.000645262707308539 0.0003872148218624071 0 0 0 0.0002 0.0008 0.0002 0.00012 0.00065 0.00028 0.000122 0.000643 0.000391
 5 0.0005509343356241792 0.001935788121925618 0.001052559013978588 0.001 0.001 0.002 0.0002 0.0021 0.0009 0.00042 0.00191 0.00095 0.00056 0.001912 0.001092
 6 0.001770860364506334 0.004839470304814035 0.002601234812196617 0.001 0.005 0.003 0.0018 0.0042 0.0022 0.00202 0.00472 0.00246 0.001752 0.004879 0.002653
 7 0.004770480981935308 0.01037029351031579 0.005844552726458815 0.007 0.019 0.007 0.0043 0.0092 0.0049 0.00476 0.009950000000000001 0.00584 0.004839 0.010441 0.005945
 8 0.01098914369052973 0.01944430033184211 0.01193882606793522 0.012 0.024 0.016 0.0105 0.0199 0.0124 0.01133 0.01983 0.01175 0.01089 0.019439 0.012057
 9 0.02197828738105946 0.03240716721973691 0.02217229203714985 0.018 0.035 0.022 0.0224 0.0334 0.0248 0.0216 0.03265 0.02258 0.022295 0.032076 0.022327
 10 0.03861899068386172 0.04861075082960516 0.03743675316091671 0.032 0.045 0.031 0.0417 0.0495 0.0379 0.03679 0.0488 0.03793 0.038575 0.048798 0.037764
 11 0.06018544002679656 0.06628738749491615 0.05746777496394127 0.059 0.073 0.07099999999999999 0.0582 0.0633 0.0622 0.05974 0.06686 0.05767 0.060293 0.066284 0.05784
 12 0.08382972003732515 0.08285923436864541 0.08020274078172775 0.08699999999999999 0.089 0.08 0.08799999999999999 0.0779 0.08210000000000001 0.08391 0.08357000000000001 0.07890999999999999 0.083754 0.082873 0.079459
 13 0.1050174514753324 0.09560680888689863 0.1017636458338266 0.107 0.101 0.094 0.1053 0.09429999999999999 0.102 0.1052 0.09443 0.10149 0.104946 0.095012 0.10171
 14 0.118948337895525 0.1024358666645339 0.1173909795868057 0.108 0.104 0.109 0.1142 0.1097 0.1179 0.11968 0.10369 0.11666 0.119096 0.102402 0.117393
 15 0.1223468618353986 0.1024358666645339 0.1231162606149145 0.133 0.104 0.12 0.1227 0.1024 0.1206 0.12237 0.10348 0.1234 0.121992 0.102567 0.122554
 16 0.1147001829706884 0.09603362499800054 0.1173909795868057 0.109 0.079 0.121 0.1171 0.0977 0.1126 0.11487 0.09470000000000001 0.11713 0.114584 0.096482 0.117159
 17 0.09831444254630185 0.08473555146882411 0.1017636458338266 0.108 0.081 0.12 0.0968 0.0858 0.1018 0.09802 0.08364000000000001 0.10209 0.09850299999999999 0.08468299999999999 0.101308
 18 0.07724706200066751 0.07061295955735365 0.08020274078172775 0.083 0.06900000000000001 0.078 0.0779 0.06569999999999999 0.07580000000000001 0.07875 0.07004000000000001 0.08048 0.077255 0.07063999999999999 0.07999100000000001
 19 0.05575727783506828 0.05574707333475282 0.05746777496394127 0.053 0.061 0.048 0.0546 0.0564 0.0578 0.0547 0.05548 0.05764 0.055449 0.055896 0.057643
 20 0.03703876313329525 0.04181030500106466 0.03743675316091671 0.035 0.031 0.035 0.0363 0.0417 0.039 0.03778 0.04168 0.0382 0.03726 0.041894 0.037581
 21 0.02267679375507898 0.02986450357218928 0.02217229203714985 0.023 0.032 0.023 0.0217 0.0297 0.0231 0.02248 0.03004 0.02262 0.022589 0.029618 0.022477
 22 0.01281091595254447 0.02036216152649262 0.01193882606793522 0.014 0.018 0.01 0.0129 0.0233 0.0112 0.01298 0.01982 0.01165 0.012879 0.020413 0.012063
 23 0.006683956149153672 0.01327967056075607 0.005844552726458815 0.004 0.011 0.006 0.0069 0.0129 0.007 0.0068 0.01364 0.00591 0.006794 0.013317 0.006058
 24 0.003222621714770502 0.008299794100472518 0.002601234812196617 0.004 0.008 0.003 0.0032 0.0086 0.002 0.00331 0.008580000000000001 0.00276 0.003148 0.008333 0.002689
 25 0.001436368535726297 0.004979876460283521 0.001052559013978588 0.001 0.007 0 0.0017 0.005 0.001 0.00153 0.00523 0.00088 0.001464 0.005034 0.001062
 26 0.0005919101108762149 0.002873005650163567 0.0003872148218624071 0 0.001 0.001 0.0011 0.0027 0.0005999999999999999 0.00058 0.00277 0.00037 0.000585 0.002856 0.000391
 27 0.0002254895660480824 0.001596114250090871 0.0001295078554357007 0 0.001 0 0.0002 0.0015 0 8.000000000000001e-05 0.00165 0.00014 0.000222 0.00162 0.000121
 28 7.938153090468114e-05 0.0008550612054058132 3.938028650424004e-05 0 0 0 0 0.0011 0 0.00012 0.0008899999999999999 4e-05 9.399999999999999e-05 0.000852 4.8e-05
 29 2.580877359462587e-05 0.0004422730372788752 1.088680018124229e-05 0.001 0 0 0 0.0004 0 3e-05 0.0005999999999999999 0 2.6e-05 0.000429 1.4e-05
 30 7.74263207838768e-06 0.0002211365186394371 2.736278216457305e-06 0 0.001 0 0 0.0004 0 0 0.00023 0 6e-06 0.000222 1e-06
 31 2.140819929508106e-06 0.0001070015412771468 6.252574498519134e-07 0 0 0 0 0 0 0 0.00015 0 0 0.000116 0
 32 5.447622142051917e-07 5.015697247366281e-05 1.298961017047662e-07 0 0 0 0 0 0 0 6e-05 0 0 3.8e-05 0
 33 1.273470111128991e-07 2.279862385166445e-05 2.453420451573697e-08 0 0 0 0 0 0 0 1e-05 0 0 2.6e-05 0
 34 2.728864523847898e-08 1.005821640514632e-05 4.212951557885539e-09 0 0 0 0 0.0001 0 0 1e-05 0 0 8e-06 0
 35 5.346346822232551e-09 4.31066417363409e-06 6.577177622279675e-10 0 0 0 0 0 0 0 1e-05 0 0 5e-06 0
 36 9.547047896843746e-10 1.796110072347515e-06 9.335364857711402e-11 0 0 0 0 0 0 0 1e-05 0 0 1e-06 0
 37 1.548169929217952e-10 7.281527320327963e-07 1.204652102367374e-11 0 0 0 0 0 0 0 0 0 0 1e-06 0
 38 2.269873204492427e-11 2.874287100129389e-07 1.413287800834264e-12 0 0 0 0 0 0 0 0 0 0 1e-06 0
 39 2.993239390539474e-12 1.105495038511315e-07 1.507433624646718e-13 0 0 0 0 0 0 0 0 0 0 0 0
 40 3.527746424564355e-13 4.145606394417398e-08 1.461788050069654e-14 0 0 0 0 0 0 0 0 0 0 0 0
 41 3.687539816617829e-14 1.516685266250278e-08 1.288751657718978e-15 0 0 0 0 0 0 0 0 0 0 0 0
 42 3.386516158118439e-15 5.416733093751024e-09 1.032981841770644e-16 0 0 0 0 0 0 0 0 0 0 0 0
 43 2.700212219097706e-16 1.889558055959621e-09 7.527569233741897e-18 0 0 0 0 0 0 0 0 0 0 0 0
 44 1.841053785748461e-17 6.44167519077154e-10 4.987184676604524e-19 0 0 0 0 0 0 0 0 0 0 0 0
 45 1.052030734713381e-18 2.147225063590457e-10 3.003964273789903e-20 0 0 0 0 0 0 0 0 0 0 0 0
 46 4.90076429214334e-20 7.001820859534438e-11 1.645025736171124e-21 0 0 0 0 0 0 0 0 0 0 0 0
 47 1.787512811723942e-21 2.234623678574749e-11 8.190100879364749e-23 0 0 0 0 0 0 0 0 0 0 0 0
 48 4.787980745689211e-23 6.983198995546156e-12 3.707186425117991e-24 0 0 0 0 0 0 0 0 0 0 0 0
 49 8.375476523071573e-25 2.137713978228469e-12 1.525591365344482e-25 0 0 0 0 0 0 0 0 0 0 0 0
 50 7.178979876918459e-27 6.41314193468527e-13 5.707824859013806e-27 0 0 0 0 0 0 0 0 0 0 0 0


